t	CO	PV
0	100	26.63755458515284
1	100	26.49199417758369
2	100	26.63755458515284
3	100	26.63755458515284
4	100	26.49199417758369
5	100	26.49199417758369
6	100	26.34643377001456
7	100	26.63755458515284
8	100	26.63755458515284
9	100	26.20087336244542
10	100	26.783114992721977
11	100	26.34643377001456
12	100	26.34643377001456
13	100	26.783114992721977
14	100	26.49199417758369
15	100	26.928675400291127
16	100	26.49199417758369
17	100	26.928675400291127
18	100	26.63755458515284
19	100	27.074235807860266
20	100	27.074235807860266
21	100	26.63755458515284
22	100	27.2197962154294
23	100	27.23435225618631
24	100	28.10771470160117
25	100	26.783114992721977
26	100	27.08879184861718
27	100	28.10771470160117
28	100	27.2197962154294
29	100	27.08879184861718
30	100	28.2532751091703
31	100	26.783114992721977
32	100	27.365356622998547
33	100	26.94323144104804
34	100	27.96215429403202
35	100	28.10771470160117
36	100	26.928675400291127
37	100	26.94323144104804
38	100	27.81659388646288
39	100	27.365356622998547
40	100	26.928675400291127
41	100	27.510917030567683
42	100	27.074235807860266
43	100	27.074235807860266
44	100	27.2197962154294
45	100	27.510917030567683
46	100	27.656477438136832
47	100	27.656477438136832
48	100	27.802037845705968
49	100	27.2197962154294
50	100	27.510917030567683
51	100	27.802037845705968
52	100	27.510917030567683
53	100	28.093158660844253
54	100	27.656477438136832
55	100	28.093158660844253
56	100	27.656477438136832
57	100	28.23871906841339
58	100	27.802037845705968
59	100	27.802037845705968
60	100	28.23871906841339
61	100	27.947598253275103
62	100	28.384279475982535
63	100	28.384279475982535
64	100	27.947598253275103
65	100	28.529839883551677
66	100	28.093158660844253
67	100	28.529839883551677
68	100	28.093158660844253
69	100	28.67540029112081
70	100	28.23871906841339
71	100	28.67540029112081
72	100	28.82096069868996
73	100	28.23871906841339
74	100	28.82096069868996
75	100	28.384279475982535
76	100	28.96652110625909
77	100	28.384279475982535
78	100	28.529839883551677
79	100	28.529839883551677
80	100	28.96652110625909
81	100	28.67540029112081
82	100	28.67540029112081
83	100	29.25764192139738
84	100	28.82096069868996
85	100	29.25764192139738
86	100	29.403202328966515
87	100	28.82096069868996
88	100	28.96652110625909
89	100	29.403202328966515
90	100	29.548762736535664
91	100	28.96652110625909
92	100	29.112081513828244
93	100	29.548762736535664
94	100	29.112081513828244
95	100	29.25764192139738
96	100	29.83988355167395
97	100	29.25764192139738
98	100	29.403202328966515
99	100	29.83988355167395
100	100	29.985443959243085
101	100	29.403202328966515
102	100	29.985443959243085
103	100	29.548762736535664
104	100	30.13100436681222
105	100	29.548762736535664
106	100	30.13100436681222
107	100	30.27656477438137
108	100	29.83988355167395
109	100	30.27656477438137
110	100	29.83988355167395
111	100	30.422125181950506
112	100	30.422125181950506
113	100	30.13100436681222
114	100	30.56768558951965
115	100	30.13100436681222
116	100	30.56768558951965
117	100	30.27656477438137
118	100	30.71324599708879
119	100	30.71324599708879
120	100	30.27656477438137
121	100	30.858806404657926
122	100	30.422125181950506
123	100	30.858806404657926
124	100	30.422125181950506
125	100	30.71324599708879
126	100	31.29548762736536
127	100	31.29548762736536
128	100	30.71324599708879
129	100	31.441048034934497
130	100	30.858806404657926
131	100	30.858806404657926
132	100	31.441048034934497
133	100	31.14992721979621
134	100	31.586608442503632
135	100	31.586608442503632
136	100	31.14992721979621
137	100	31.73216885007278
138	100	31.29548762736536
139	100	31.73216885007278
140	100	31.29548762736536
141	100	31.87772925764192
142	100	31.441048034934497
143	100	31.87772925764192
144	100	32.02328966521107
145	100	31.441048034934497
146	100	32.02328966521107
147	100	31.586608442503632
148	100	32.1688500727802
149	100	31.586608442503632
150	100	31.73216885007278
151	100	32.1688500727802
152	100	31.73216885007278
153	100	32.31441048034935
154	100	32.31441048034935
155	100	32.02328966521107
156	100	32.45997088791849
157	100	32.02328966521107
158	100	32.1688500727802
159	100	32.45997088791849
160	100	32.1688500727802
161	100	32.75109170305677
162	100	32.31441048034935
163	100	32.75109170305677
164	100	32.31441048034935
165	100	32.89665211062591
166	100	32.45997088791849
167	100	32.89665211062591
168	100	32.45997088791849
169	100	32.60553129548762
170	100	33.18777292576419
171	100	32.60553129548762
172	100	33.18777292576419
173	100	32.75109170305677
174	100	33.33333333333333
175	100	32.75109170305677
176	100	32.89665211062591
177	100	33.33333333333333
178	100	32.89665211062591
179	100	33.624454148471614
180	100	33.624454148471614
181	100	33.33333333333333
182	100	33.9155749636099
183	100	33.33333333333333
184	100	33.9155749636099
185	100	33.47889374090248
186	100	34.061135371179034
187	100	33.47889374090248
188	100	33.624454148471614
189	100	34.061135371179034
190	100	33.624454148471614
191	100	34.35225618631732
192	100	33.9155749636099
193	100	34.35225618631732
194	100	33.9155749636099
195	100	34.49781659388647
196	100	34.061135371179034
197	100	34.49781659388647
198	100	34.643377001455605
199	100	34.061135371179034
200	100	34.643377001455605
201	100	34.78893740902474
202	100	34.35225618631732
203	100	34.78893740902474
204	100	34.35225618631732
205	100	34.643377001455605
206	100	35.225618631732175
207	100	34.643377001455605
208	100	34.78893740902474
209	100	35.225618631732175
210	100	34.78893740902474
211	100	35.37117903930131
212	100	34.93449781659389
213	100	35.37117903930131
214	100	34.93449781659389
215	100	35.516739446870446
216	100	35.080058224163025
217	100	35.516739446870446
218	100	35.080058224163025
219	100	35.662299854439595
220	100	35.225618631732175
221	100	35.662299854439595
222	100	35.225618631732175
223	100	35.95342066957788
224	100	35.516739446870446
225	100	35.95342066957788
226	100	35.516739446870446
227	100	36.098981077147016
228	100	35.662299854439595
229	100	36.098981077147016
230	100	35.662299854439595
231	100	36.24454148471616
232	100	35.80786026200873
233	100	36.24454148471616
234	100	35.80786026200873
235	100	36.3901018922853
236	100	35.95342066957788
237	100	36.3901018922853
238	100	36.53566229985444
239	100	35.95342066957788
240	100	36.53566229985444
241	100	36.68122270742358
242	100	36.24454148471616
243	100	36.68122270742358
244	100	36.24454148471616
245	100	36.82678311499272
246	100	36.3901018922853
247	100	36.82678311499272
248	100	36.3901018922853
249	100	36.53566229985444
250	100	37.11790393013101
251	100	36.53566229985444
252	100	37.11790393013101
253	100	37.409024745269285
254	100	36.97234352256186
255	100	37.409024745269285
256	100	36.97234352256186
257	100	37.55458515283843
258	100	37.55458515283843
259	100	37.26346433770014
260	100	37.70014556040757
261	100	37.26346433770014
262	100	37.70014556040757
263	100	37.409024745269285
264	100	37.409024745269285
265	100	37.99126637554585
266	100	37.55458515283843
267	100	37.99126637554585
268	100	37.55458515283843
269	100	37.84570596797671
270	100	38.42794759825328
271	100	37.84570596797671
272	100	38.42794759825328
273	100	38.57350800582242
274	100	38.13682678311499
275	100	38.57350800582242
276	100	38.71906841339156
277	100	38.13682678311499
278	100	38.28238719068413
279	100	38.71906841339156
280	100	38.28238719068413
281	100	38.42794759825328
282	100	39.01018922852984
283	100	38.42794759825328
284	100	39.01018922852984
285	100	38.57350800582242
286	100	39.15574963609898
287	100	38.57350800582242
288	100	38.71906841339156
289	100	39.15574963609898
290	100	39.30131004366813
291	100	38.71906841339156
292	100	39.30131004366813
293	100	39.44687045123727
294	100	39.01018922852984
295	100	39.44687045123727
296	100	39.01018922852984
297	100	39.737991266375545
298	100	39.30131004366813
299	100	39.737991266375545
300	100	39.88355167394469
301	100	39.30131004366813
302	100	39.88355167394469
303	100	39.737991266375545
304	100	40.32023289665211
305	100	39.737991266375545
306	100	40.32023289665211
307	100	40.46579330422125
308	100	40.02911208151383
309	100	40.46579330422125
310	100	40.02911208151383
311	100	40.61135371179039
312	100	40.17467248908297
313	100	40.61135371179039
314	100	40.17467248908297
315	100	40.756914119359536
316	100	40.32023289665211
317	100	40.756914119359536
318	100	40.32023289665211
319	100	40.90247452692868
320	100	40.46579330422125
321	100	40.90247452692868
322	100	40.46579330422125
323	100	40.756914119359536
324	100	41.3391557496361
325	100	40.756914119359536
326	100	40.90247452692868
327	100	41.3391557496361
328	100	41.04803493449781
329	100	41.48471615720524
330	100	41.48471615720524
331	100	41.630276564774384
332	100	41.04803493449781
333	100	41.630276564774384
334	100	41.19359534206696
335	100	41.77583697234352
336	100	41.19359534206696
337	100	41.77583697234352
338	100	41.48471615720524
339	100	41.48471615720524
340	100	41.630276564774384
341	100	42.21251819505095
342	100	41.77583697234352
343	100	42.21251819505095
344	100	42.35807860262009
345	100	41.77583697234352
346	100	42.35807860262009
347	100	41.92139737991266
348	100	42.503639010189225
349	100	41.92139737991266
350	100	42.503639010189225
351	100	42.64919941775837
352	100	42.21251819505095
353	100	42.64919941775837
354	100	42.21251819505095
355	100	42.79475982532751
356	100	42.94032023289665
357	100	42.94032023289665
358	100	42.503639010189225
359	100	43.0858806404658
360	100	42.503639010189225
361	100	43.0858806404658
362	100	43.23144104803494
363	100	42.79475982532751
364	100	43.23144104803494
365	100	42.79475982532751
366	100	42.94032023289665
367	100	43.522561863173216
368	100	42.94032023289665
369	100	43.0858806404658
370	100	43.522561863173216
371	100	43.66812227074236
372	100	43.0858806404658
373	100	43.66812227074236
374	100	43.8136826783115
375	100	43.37700145560407
376	100	43.8136826783115
377	100	43.37700145560407
378	100	44.25036390101892
379	100	43.8136826783115
380	100	44.25036390101892
381	100	43.8136826783115
382	100	44.10480349344978
383	100	44.68704512372635
384	100	44.10480349344978
385	100	44.25036390101892
386	100	44.68704512372635
387	100	44.832605531295485
388	100	44.25036390101892
389	100	44.395924308588064
390	100	44.832605531295485
391	100	44.395924308588064
392	100	44.54148471615721
393	100	45.12372634643377
394	100	44.54148471615721
395	100	45.12372634643377
396	100	44.68704512372635
397	100	45.26928675400291
398	100	44.68704512372635
399	100	45.26928675400291
400	100	44.97816593886463
401	100	45.56040756914119
402	100	44.97816593886463
403	100	45.56040756914119
404	100	45.12372634643377
405	100	45.70596797671033
406	100	45.12372634643377
407	100	45.70596797671033
408	100	45.85152838427948
409	100	45.414847161572055
410	100	45.85152838427948
411	100	45.414847161572055
412	100	46.14264919941776
413	100	45.70596797671033
414	100	45.70596797671033
415	100	46.14264919941776
416	100	45.85152838427948
417	100	46.2882096069869
418	100	46.2882096069869
419	100	45.85152838427948
420	100	46.43377001455604
421	100	45.99708879184862
422	100	46.43377001455604
423	100	45.99708879184862
424	100	46.72489082969432
425	100	46.2882096069869
426	100	46.72489082969432
427	100	46.2882096069869
428	100	46.43377001455604
429	100	46.43377001455604
430	100	47.16157205240175
431	100	47.16157205240175
432	100	47.45269286754003
433	100	47.0160116448326
434	100	47.45269286754003
435	100	47.0160116448326
436	100	47.59825327510917
437	100	47.16157205240175
438	100	47.59825327510917
439	100	47.74381368267832
440	100	47.16157205240175
441	100	47.74381368267832
442	100	47.88937409024745
443	100	47.45269286754003
444	100	47.88937409024745
445	100	48.03493449781659
446	100	47.45269286754003
447	100	48.03493449781659
448	100	48.180494905385736
449	100	47.74381368267832
450	100	48.180494905385736
451	100	47.74381368267832
452	100	48.47161572052402
453	100	48.03493449781659
454	100	48.47161572052402
455	100	48.03493449781659
456	100	48.61717612809316
457	100	48.180494905385736
458	100	48.61717612809316
459	100	48.180494905385736
460	100	48.90829694323144
461	100	48.47161572052402
462	100	48.90829694323144
463	100	48.47161572052402
464	100	49.05385735080058
465	100	48.61717612809316
466	100	49.05385735080058
467	100	48.61717612809316
468	100	49.19941775836973
469	100	48.7627365356623
470	100	48.7627365356623
471	100	49.19941775836973
472	100	48.90829694323144
473	100	49.34497816593886
474	100	49.34497816593886
475	100	48.90829694323144
476	100	49.19941775836973
477	100	49.78165938864629
478	100	49.19941775836973
479	100	49.78165938864629
480	100	49.34497816593886
481	100	49.92721979621543
482	100	49.34497816593886
483	100	49.92721979621543
484	100	50.07278020378457
485	100	49.63609898107715
486	100	50.07278020378457
487	100	49.63609898107715
488	100	50.21834061135371
489	100	49.78165938864629
490	100	50.21834061135371
491	100	49.78165938864629
492	100	50.07278020378457
493	100	50.65502183406114
494	100	50.07278020378457
495	100	50.65502183406114
496	100	50.36390101892285
497	100	50.946142649199416
498	100	50.946142649199416
499	100	50.36390101892285
500	100	51.09170305676856
501	100	50.65502183406114
502	100	51.09170305676856
503	100	50.65502183406114
504	100	51.2372634643377
505	100	50.80058224163027
506	100	51.2372634643377
507	100	50.80058224163027
508	100	50.946142649199416
509	100	51.52838427947598
510	100	50.946142649199416
511	100	51.52838427947598
512	100	51.09170305676856
513	100	51.67394468704512
514	100	51.09170305676856
515	100	51.67394468704512
516	100	51.81950509461426
517	100	51.38282387190685
518	100	51.81950509461426
519	100	51.38282387190685
520	100	51.96506550218341
521	100	51.52838427947598
522	100	51.96506550218341
523	100	51.52838427947598
524	100	52.256186317321685
525	100	51.81950509461426
526	100	52.256186317321685
527	100	51.81950509461426
528	100	52.54730713245997
529	100	52.11062590975255
530	100	52.54730713245997
531	100	52.11062590975255
532	100	52.256186317321685
533	100	52.838427947598255
534	100	52.256186317321685
535	100	52.838427947598255
536	100	52.40174672489083
537	100	52.9839883551674
538	100	52.40174672489083
539	100	52.9839883551674
540	100	53.12954876273653
541	100	52.69286754002911
542	100	53.12954876273653
543	100	52.69286754002911
544	100	52.838427947598255
545	100	53.42066957787482
546	100	52.838427947598255
547	100	53.42066957787482
548	100	53.12954876273653
549	100	53.12954876273653
550	100	54.00291120815138
551	100	53.42066957787482
552	100	54.00291120815138
553	100	53.42066957787482
554	100	54.14847161572053
555	100	53.56622998544396
556	100	53.56622998544396
557	100	54.14847161572053
558	100	54.29403202328967
559	100	53.85735080058224
560	100	54.29403202328967
561	100	53.85735080058224
562	100	54.43959243085881
563	100	54.00291120815138
564	100	54.43959243085881
565	100	54.00291120815138
566	100	54.14847161572053
567	100	54.73071324599709
568	100	54.14847161572053
569	100	54.73071324599709
570	100	54.87627365356623
571	100	54.43959243085881
572	100	54.87627365356623
573	100	54.43959243085881
574	100	55.02183406113537
575	100	54.585152838427945
576	100	55.02183406113537
577	100	54.585152838427945
578	100	55.16739446870452
579	100	55.16739446870452
580	100	54.87627365356623
581	100	54.87627365356623
582	100	55.45851528384279
583	100	55.02183406113537
584	100	55.45851528384279
585	100	55.02183406113537
586	100	55.74963609898108
587	100	55.31295487627365
588	100	55.74963609898108
589	100	55.31295487627365
590	100	55.45851528384279
591	100	56.04075691411936
592	100	55.45851528384279
593	100	56.04075691411936
594	100	56.1863173216885
595	100	55.74963609898108
596	100	56.1863173216885
597	100	55.74963609898108
598	100	55.89519650655022
599	100	56.477438136826784
600	100	55.89519650655022
601	100	56.477438136826784
602	100	56.62299854439593
603	100	56.1863173216885
604	100	56.62299854439593
605	100	56.76855895196506
606	100	56.1863173216885
607	100	56.76855895196506
608	100	56.33187772925764
609	100	56.914119359534205
610	100	56.33187772925764
611	100	56.914119359534205
612	100	56.76855895196506
613	100	57.35080058224163
614	100	56.76855895196506
615	100	57.35080058224163
616	100	57.496360989810775
617	100	57.05967976710335
618	100	57.496360989810775
619	100	57.05967976710335
620	100	57.78748180494905
621	100	57.35080058224163
622	100	57.78748180494905
623	100	57.35080058224163
624	100	57.9330422125182
625	100	57.496360989810775
626	100	57.9330422125182
627	100	57.496360989810775
628	100	58.07860262008734
629	100	57.64192139737991
630	100	58.07860262008734
631	100	57.64192139737991
632	100	58.22416302765648
633	100	57.78748180494905
634	100	58.22416302765648
635	100	57.78748180494905
636	100	57.9330422125182
637	100	58.51528384279476
638	100	57.9330422125182
639	100	58.51528384279476
640	100	58.80640465793304
641	100	58.369723435225616
642	100	58.80640465793304
643	100	58.369723435225616
644	100	58.951965065502186
645	100	58.51528384279476
646	100	58.951965065502186
647	100	58.51528384279476
648	100	59.243085880640464
649	100	58.80640465793304
650	100	59.243085880640464
651	100	58.80640465793304
652	100	58.951965065502186
653	100	59.53420669577875
654	100	58.951965065502186
655	100	59.09752547307132
656	100	59.53420669577875
657	100	59.09752547307132
658	100	59.67976710334789
659	100	59.243085880640464
660	100	59.67976710334789
661	100	59.243085880640464
662	100	59.82532751091703
663	100	59.38864628820961
664	100	59.82532751091703
665	100	59.97088791848617
666	100	59.38864628820961
667	100	59.53420669577875
668	100	59.97088791848617
669	100	59.53420669577875
670	100	60.4075691411936
671	100	59.97088791848617
672	100	60.4075691411936
673	100	59.97088791848617
674	100	60.69868995633188
675	100	60.69868995633188
676	100	60.84425036390102
677	100	60.55312954876273
678	100	60.84425036390102
679	100	60.98981077147016
680	100	60.98981077147016
681	100	60.55312954876273
682	100	61.1353711790393
683	100	61.1353711790393
684	100	60.84425036390102
685	100	61.28093158660844
686	100	61.28093158660844
687	100	60.84425036390102
688	100	60.98981077147016
689	100	61.57205240174672
690	100	60.98981077147016
691	100	61.1353711790393
692	100	61.57205240174672
693	100	61.1353711790393
694	100	61.71761280931587
695	100	61.28093158660844
696	100	61.71761280931587
697	100	61.28093158660844
698	100	61.86317321688501
699	100	61.42649199417758
700	100	61.86317321688501
701	100	61.42649199417758
702	100	62.00873362445415
703	100	61.57205240174672
704	100	62.00873362445415
705	100	61.57205240174672
706	100	62.15429403202329
707	100	61.71761280931587
708	100	62.15429403202329
709	100	61.71761280931587
710	100	62.44541484716157
711	100	62.00873362445415
712	100	62.44541484716157
713	100	62.00873362445415
714	100	62.73653566229986
715	100	62.29985443959243
716	100	62.44541484716157
717	100	62.59097525473072
718	100	62.44541484716157
719	100	62.73653566229986
720	100	62.59097525473072
721	100	62.88209606986899
722	100	63.027656477438136
723	100	63.027656477438136
724	100	62.59097525473072
725	100	63.17321688500728
726	100	62.73653566229986
727	100	63.17321688500728
728	100	62.73653566229986
729	100	63.31877729257642
730	100	62.88209606986899
731	100	63.31877729257642
732	100	62.88209606986899
733	100	63.6098981077147
734	100	63.17321688500728
735	100	63.6098981077147
736	100	63.17321688500728
737	100	63.75545851528384
738	100	63.31877729257642
739	100	63.75545851528384
740	100	63.31877729257642
741	100	63.90101892285298
742	100	63.46433770014556
743	100	63.90101892285298
744	100	63.46433770014556
745	100	64.04657933042213
746	100	63.6098981077147
747	100	64.04657933042213
748	100	63.6098981077147
749	100	64.19213973799127
750	100	63.75545851528384
751	100	63.75545851528384
752	100	64.19213973799127
753	0	63.90101892285298
754	0	64.3377001455604
755	0	64.3377001455604
756	0	63.90101892285298
757	0	64.48326055312955
758	0	64.04657933042213
759	0	64.48326055312955
760	0	64.62882096069869
761	0	64.04657933042213
762	0	64.19213973799127
763	0	64.62882096069869
764	0	64.19213973799127
765	0	64.77438136826783
766	0	64.3377001455604
767	0	64.3377001455604
768	0	64.48326055312955
769	0	64.77438136826783
770	0	64.91994177583697
771	0	64.91994177583697
772	0	64.48326055312955
773	0	65.06550218340611
774	0	64.62882096069869
775	0	65.06550218340611
776	0	65.21106259097525
777	0	64.62882096069869
778	0	64.77438136826783
779	0	65.21106259097525
780	0	64.77438136826783
781	0	65.3566229985444
782	0	64.91994177583697
783	0	64.91994177583697
784	0	65.3566229985444
785	0	65.06550218340611
786	0	65.50218340611355
787	0	65.06550218340611
788	0	65.21106259097525
789	0	65.50218340611355
790	0	65.64774381368268
791	0	65.64774381368268
792	0	65.79330422125182
793	0	65.21106259097525
794	0	65.3566229985444
795	0	65.3566229985444
796	0	65.79330422125182
797	0	65.50218340611355
798	0	65.93886462882097
799	0	65.93886462882097
800	0	65.50218340611355
801	0	66.0844250363901
802	0	65.64774381368268
803	0	66.0844250363901
804	0	65.64774381368268
805	0	66.22998544395924
806	0	65.79330422125182
807	0	65.79330422125182
808	0	65.93886462882097
809	0	66.22998544395924
810	0	66.37554585152839
811	0	65.93886462882097
812	0	66.37554585152839
813	0	66.0844250363901
814	0	66.52110625909754
815	0	66.52110625909754
816	0	66.66666666666666
817	0	66.0844250363901
818	0	66.22998544395924
819	0	66.22998544395924
820	0	66.37554585152839
821	0	66.66666666666666
822	0	66.8122270742358
823	0	66.37554585152839
824	0	66.8122270742358
825	0	66.52110625909754
826	0	66.95778748180496
827	0	66.52110625909754
828	0	66.66666666666666
829	0	66.95778748180496
830	0	67.10334788937409
831	0	67.10334788937409
832	0	66.66666666666666
833	0	67.24890829694323
834	0	66.8122270742358
835	0	67.24890829694323
836	0	67.10334788937409
837	0	67.10334788937409
838	0	67.24890829694323
839	0	66.8122270742358
840	0	67.24890829694323
841	0	66.95778748180496
842	0	67.39446870451238
843	0	66.95778748180496
844	0	67.39446870451238
